image_width: 320
image_height: 240
camera_name: camera
camera_matrix:
  rows: 3
  cols: 3
  data: [263.025899, 0.000000, 162.621390, 0.000000, 261.364368, 112.415473, 0.000000, 0.000000, 1.000000]
distortion_model: plumb_bob
distortion_coefficients:
  rows: 1
  cols: 5
  data: [-0.684010, 0.317224, -0.004490, 0.005869, 0.000000]
rectification_matrix:
  rows: 3
  cols: 3
  data: [1.000000, 0.000000, 0.000000, 0.000000, 1.000000, 0.000000, 0.000000, 0.000000, 1.000000]
projection_matrix:
  rows: 3
  cols: 4
  data: [178.596680, 0.000000, 162.958403, 0.000000, 0.000000, 210.732758, 106.200280, 0.000000, 0.000000, 0.000000, 1.000000, 0.000000]
