# oST version 5.0 parameters


[image]

width
320

height
240

[narrow_stereo]

camera matrix
263.025899 0.000000 162.621390
0.000000 261.364368 112.415473
0.000000 0.000000 1.000000

distortion
-0.684010 0.317224 -0.004490 0.005869 0.000000

rectification
1.000000 0.000000 0.000000
0.000000 1.000000 0.000000
0.000000 0.000000 1.000000

projection
178.596680 0.000000 162.958403 0.000000
0.000000 210.732758 106.200280 0.000000
0.000000 0.000000 1.000000 0.000000

