image_width: 640
image_height: 480
camera_name: camera
camera_matrix:
  rows: 3
  cols: 3
  data: [361.885249, 0, 333.527005, 0, 363.0478, 227.509681, 0, 0, 1]
distortion_model: plumb_bob
distortion_coefficients:
  rows: 1
  cols: 5
  data: [-0.306587, 0.063345, -0.000768, 0.000574, 0]
rectification_matrix:
  rows: 3
  cols: 3
  data: [1, 0, 0, 0, 1, 0, 0, 0, 1]
projection_matrix:
  rows: 3
  cols: 4
  data: [245.08223, 0, 337.227813, 0, 0, 300.496521, 220.268547, 0, 0, 0, 1, 0]
