image_width: 640
image_height: 480
camera_name: narrow_stereo
camera_matrix:
  rows: 3
  cols: 3
  data: [361.885249, 0.000000, 333.527005, 0.000000, 363.047800, 227.509681, 0.000000, 0.000000, 1.000000]
distortion_model: plumb_bob
distortion_coefficients:
  rows: 1
  cols: 5
  data: [-0.306587, 0.063345, -0.000768, 0.000574, 0.000000]
rectification_matrix:
  rows: 3
  cols: 3
  data: [1.000000, 0.000000, 0.000000, 0.000000, 1.000000, 0.000000, 0.000000, 0.000000, 1.000000]
projection_matrix:
  rows: 3
  cols: 4
  data: [245.082230, 0.000000, 337.227813, 0.000000, 0.000000, 300.496521, 220.268547, 0.000000, 0.000000, 0.000000, 1.000000, 0.000000]
