# oST version 5.0 parameters


[image]

width
640

height
480

[narrow_stereo]

camera matrix
361.885249 0.000000 333.527005
0.000000 363.047800 227.509681
0.000000 0.000000 1.000000

distortion
-0.306587 0.063345 -0.000768 0.000574 0.000000

rectification
1.000000 0.000000 0.000000
0.000000 1.000000 0.000000
0.000000 0.000000 1.000000

projection
245.082230 0.000000 337.227813 0.000000
0.000000 300.496521 220.268547 0.000000
0.000000 0.000000 1.000000 0.000000

